embed_size=64, lr=0.1000, layer_size=[64], , low=0.0100, high=1.0000, node_dropout=[0.1], mess_dropout=[0.1], regs=[0.01], adj_type=laplacian_no_eye
	recall=[0.25556	0.36744	0.44490	0.50581	0.55806], precision=[0.05198	0.03932	0.03279	0.02832	0.02515], hit=[0.57858	0.71944	0.77765	0.82189	0.85565], ndcg=[0.16157	0.19587	0.21742	0.23284	0.24511]
embed_size=64, lr=0.0010, layer_size=[64], , low=0.0100, high=1.0000, node_dropout=[0.1], mess_dropout=[0.1], regs=[0.01], adj_type=laplacian_no_eye
	recall=[0.23508	0.35114	0.42539	0.48107	0.53267	0.57372], precision=[0.04488	0.03516	0.02982	0.02637	0.02381	0.02184], hit=[0.55180	0.69616	0.75087	0.79511	0.82538	0.84866], ndcg=[0.14781	0.18227	0.20301	0.21809	0.23083	0.24090]
