embed_size=64, lr=0.0000, layer_size=[64,64,64,64], , low=0.0100, high=1.0000, node_dropout=[0.1], mess_dropout=[0.1], regs=[0.01], adj_type=laplacian_no_eye
	recall=[0.03327	0.06018	0.08705	0.11337	0.12995	0.15215], precision=[0.00623	0.00602	0.00656	0.00632	0.00596	0.00592], hit=[0.11292	0.20489	0.29453	0.35157	0.39115	0.43190], ndcg=[0.01775	0.02574	0.03354	0.03979	0.04386	0.04899]
