embed_size=64, lr=0.1000, layer_size=[64,64,64], , low=0.0100, high=1.0000, node_dropout=[0.1], mess_dropout=[0.1], regs=[0.01], adj_type=laplacian_no_eye
	recall=[0.31131	0.46303	0.54830	0.60976	0.65906], precision=[0.06409	0.04980	0.04032	0.03446	0.03027], hit=[0.66356	0.78813	0.83818	0.87078	0.89173], ndcg=[0.19639	0.24274	0.26633	0.28256	0.29489]
embed_size=64, lr=0.0010, layer_size=[64,64,64], , low=0.0100, high=1.0000, node_dropout=[0.1], mess_dropout=[0.1], regs=[0.01], adj_type=laplacian_no_eye
	recall=[0.26510	0.37298	0.45459	0.52643	0.56777	0.61652], precision=[0.05047	0.03746	0.03186	0.02843	0.02530	0.02305], hit=[0.59837	0.72061	0.78580	0.83586	0.86147	0.88475], ndcg=[0.16462	0.19702	0.21969	0.23808	0.24897	0.26008]
