embed_size=64, lr=0.0010, layer_size=[64], , low=0.0100, high=1.0000, node_dropout=[0.1], mess_dropout=[0.1], regs=[0.01], adj_type=laplacian_no_eye
	recall=[0.32461	0.47303	0.55256	0.61765	0.65664], precision=[0.06560	0.04910	0.03985	0.03417	0.02973], hit=[0.67753	0.80093	0.85448	0.89290	0.90920], ndcg=[0.20629	0.25046	0.27314	0.29004	0.30026]
