embed_size=64, lr=0.0010, layer_size=[64,64,64], , low=0.0100, high=1.0000, node_dropout=[0.1], mess_dropout=[0.1], regs=[0.01], adj_type=laplacian_no_eye
	recall=[0.24128	0.35983	0.44064	0.51307	0.55907], precision=[0.04965	0.03859	0.03184	0.02862	0.02579], hit=[0.57276	0.69849	0.77183	0.82189	0.84284], ndcg=[0.15549	0.19151	0.21300	0.23175	0.24403]
embed_size=64, lr=0.0010, layer_size=[64,64,64], , low=0.0100, high=1.0000, node_dropout=[0.1], mess_dropout=[0.1], regs=[0.018], adj_type=laplacian_no_eye
	recall=[0.23812	0.36114	0.43941	0.50707	0.55093	0.59230], precision=[0.04779	0.03853	0.03209	0.02833	0.02538	0.02301], hit=[0.56927	0.70314	0.76950	0.81607	0.83702	0.85332], ndcg=[0.15115	0.18900	0.21049	0.22772	0.23934	0.24918]
embed_size=64, lr=0.0010, layer_size=[64,64,64], , low=0.0100, high=1.0000, node_dropout=[0.0], mess_dropout=[0.0], regs=[0.018], adj_type=laplacian_no_eye
	recall=[0.24814	0.35801	0.43770	0.51035	0.55939	0.59504], precision=[0.04878	0.03821	0.03186	0.02852	0.02575	0.02319], hit=[0.57858	0.70081	0.76368	0.82189	0.84051	0.85448], ndcg=[0.15588	0.19034	0.21212	0.23071	0.24353	0.25219]
