embed_size=64, lr=0.0000, layer_size=[64,64,64,64], , low=0.0100, high=1.0000, node_dropout=[0.1], mess_dropout=[0.1], regs=[0.01], adj_type=laplacian_no_eye
	recall=[0.01359	0.03059	0.05070	0.06880	0.08745	0.10018], precision=[0.00373	0.00402	0.00404	0.00422	0.00420	0.00413], hit=[0.06636	0.13504	0.19790	0.25960	0.31432	0.34459], ndcg=[0.00727	0.01261	0.01772	0.02244	0.02674	0.02983]
