embed_size=64, lr=0.0010, layer_size=[64,64], , low=0.0100, high=1.0000, node_dropout=[0.1], mess_dropout=[0.1], regs=[0.01], adj_type=laplacian_no_eye
	recall=[0.26182	0.37457	0.45026	0.51872	0.56619], precision=[0.05320	0.04037	0.03322	0.02921	0.02610], hit=[0.60768	0.71246	0.77066	0.82072	0.84633], ndcg=[0.16302	0.19776	0.21872	0.23616	0.24820]
