loss:[0.6952135960261027, 0.6938979506492614, 0.6921056846777598, 0.6875929812590282, 0.6746183176835377, 0.6474103411038717, 0.6010116279125213, 0.5489481369654338, 0.49761044283707945]
recall:[0.1345730770427535, 0.2340217621551854, 0.2376382789118639, 0.23261761075103407, 0.22824496183660617, 0.22553831313939146, 0.22688602203427014, 0.22515531039789813]
time:[5.742062330245972, 6.075342416763306, 7.960963249206543, 7.92689323425293, 7.230001211166382, 7.8500025272369385, 8.89600157737732, 7.271005153656006]
