loss:[0.694245700041453, 0.6935583333174387, 0.692671102285385, 0.6904072562853496, 0.6839514255523683]
recall:[0.09589107358649133, 0.20327472579831074, 0.21953531082574218, 0.22280689885137336]
time:[3.623927354812622, 3.5853466987609863, 3.467306613922119, 3.419069766998291]
