loss:[0.6942476471265158, 0.6935785452524821, 0.6927314003308614, 0.6907078524430594, 0.6849648555119833, 0.6721459607283274, 0.6475447118282318, 0.613303808371226, 0.5693270583947498]
recall:[0.07748945050157983, 0.224172035661254, 0.24025631451507462, 0.2312528367110578, 0.23291862375420339, 0.22807061536845918, 0.22970658422140913, 0.23071736589256814]
time:[2.6562511920928955, 2.5937671661376953, 2.5781850814819336, 2.5781242847442627, 2.484400749206543, 2.484382390975952, 2.5000088214874268, 2.6093971729278564]
