loss:[0.6945595582326253, 0.6944823265075684, 0.6943990508715313, 0.694321995973587, 0.6942453702290854, 0.6941650529702504, 0.6940991938114166, 0.6940239508946738, 0.6939530531565347, 0.6938788493474325, 0.6938112556934357, 0.6937446137269339, 0.6936660150686902, 0.6936127940813702, 0.6935212353865304, 0.6934420347213746, 0.693343766530355, 0.6932698130607606, 0.6931711037953693, 0.6930335581302645, 0.6929333051045737, 0.6927898208300273, 0.6926662822564442, 0.6924403071403503, 0.6922264397144318, 0.6919933795928955, 0.6917949795722964, 0.6914264261722566, 0.6911803881327312, 0.690791759888331, 0.6903912504514059, 0.6898971776167552, 0.6893129666646322, 0.6888152996699017, 0.6881177008152007, 0.6874071717262267, 0.6866034070650736, 0.6856429994106292, 0.68464874625206, 0.6835492213567098]
recall:[0.01825179537443688, 0.019599504269315584, 0.02130660220282862, 0.021396449462487196, 0.02019848600037279, 0.0216959403280158, 0.02236979477545515, 0.021516245808698636, 0.024286536314838198, 0.030014299118072695, 0.0330017205017205, 0.03880221680086909, 0.04282929933199475, 0.05016945094438356, 0.06014214708621718, 0.07361291561089404, 0.09832408718864237, 0.11073469245639048, 0.13926932232188285, 0.1601117959608525, 0.17491800652178016, 0.1844063001239551, 0.19774818061543137, 0.20905342598401905, 0.21382063017844694, 0.21865424744467873, 0.2225092050058358, 0.22692295163656354, 0.22833345151404458, 0.23208056356641266, 0.2298103158446825, 0.23071899835713858, 0.23280233169047193, 0.23367433143376545, 0.23028259738165405, 0.22983336108336114, 0.22736256144275022, 0.22922047441926155, 0.22800165355758353]
time:[3.6823365688323975, 4.187550783157349, 4.151336193084717, 3.808821439743042, 6.370147228240967, 4.3410255908966064, 4.466060400009155, 4.553471088409424, 4.181056261062622, 4.690158843994141, 4.477127313613892, 4.39838433265686, 4.370353937149048, 3.9930100440979004, 3.631998300552368, 3.8320181369781494, 3.8709752559661865, 3.677311658859253, 3.0097429752349854, 3.6180882453918457, 3.100860595703125, 3.4509575366973877, 3.7430660724639893, 3.0779600143432617, 3.0803182125091553, 3.6248984336853027, 3.519418716430664, 3.5675606727600098, 3.7933053970336914, 3.528843879699707, 3.582958936691284, 3.4419806003570557, 3.6250202655792236, 3.3180363178253174, 3.6395461559295654, 3.710995674133301, 3.677009344100952, 3.6610031127929688, 3.6800026893615723]
