loss:[0.6942368268966675, 0.6935575723648071, 0.6926848351955416, 0.6906298736731211, 0.6849566876888277, 0.6720133622487384, 0.6468381722768147, 0.6128171503543853, 0.5694279948870343, 0.5271730562051139, 0.494080568353335, 0.46342949271202094]
recall:[0.07736970838385933, 0.20197876210342522, 0.22007562854934828, 0.22229595427034793, 0.2269994829967877, 0.2304087833400503, 0.2269608947506523, 0.22767967282792093, 0.22305628259132318, 0.22606616578988556, 0.22636191301959505]
time:[3.3857533931732178, 3.702796220779419, 3.4361865520477295, 3.4692161083221436, 3.398939371109009, 3.3749547004699707, 3.3692498207092285, 3.4218974113464355, 3.5461020469665527, 3.323065996170044, 3.395721912384033]
