loss:[0.6942482809225718, 0.6935584108034769, 0.6926557580629985, 0.6904425303141274, 0.6839397172133127]
recall:[0.08838014523661421, 0.19028826631589443, 0.21587730553363976, 0.21655264845965658]
time:[3.5388877391815186, 3.666504144668579, 3.5924158096313477, 3.655773162841797]
