loss:[0.694260436296463, 0.6935817360877989, 0.6927312731742857, 0.6906745453675587, 0.6845940709114073]
recall:[0.07503406297206837, 0.19589250970652605, 0.23389378665659005, 0.2358355817587624]
time:[5.462173223495483, 4.810992240905762, 4.166311502456665, 4.678999900817871]
