loss:[0.6942541440327962, 0.6935693462689719, 0.6926839848359427, 0.6904258946577708, 0.6837978204091387]
recall:[0.09562765401714186, 0.22917337603995294, 0.24002254297065628, 0.22842716582608774]
time:[3.3713715076446533, 3.8665354251861572, 3.8029162883758545, 3.66458797454834]
