loss:[0.6942561666170757, 0.6935724020004271, 0.69267089565595, 0.6904520352681476, 0.683978835741679]
recall:[0.09505474123061719, 0.19925095494502507, 0.21393226794170195, 0.2121475409885114]
time:[3.723402500152588, 3.5537400245666504, 3.402859687805176, 3.3779313564300537]
