loss:[0.6942452689011892, 0.6935517807801564, 0.6926191667715709, 0.6902846157550812, 0.683486235141754]
recall:[0.09856807986861892, 0.20987305409475232, 0.22039204805377322, 0.21810254734783047]
time:[2.8125054836273193, 2.859805107116699, 2.765629291534424, 2.718759536743164]
