loss:[0.6927647968133288, 0.6898395041624705, 0.684587409098943, 0.6743614832560222, 0.6567210733890533]
recall:[0.04249357261486642, 0.09977322393090579, 0.17694481506813042, 0.21790159713003382]
time:[2.989872455596924, 2.1068410873413086, 1.9257285594940186, 1.845031976699829]
