loss:[0.6942631502946217, 0.693585334221522, 0.6927401979764305, 0.6906954864660897, 0.6847819427649179]
recall:[0.07949319510977194, 0.2147053885766825, 0.2300169899731895, 0.22802186582510042]
time:[3.774052858352661, 3.5804264545440674, 3.847957134246826, 3.599822998046875]
