loss:[0.4449251790841421, 0.31698174873987833, 0.2982112814982732, 0.29345765014489494, 0.28303747177124017, 0.27945914665857946, 0.27591349681218463, 0.27656611204147347, 0.2762001405159632, 0.27045211295286814, 0.2725368022918701, 0.2711810414989789, 0.2678898081183434, 0.26421310255924857, 0.2634149223566056, 0.2648754924535751, 0.2618172829349835, 0.2602190509438514, 0.25898777544498447, 0.25543779283761975, 0.2621509442726771, 0.2606473068396251]
recall:[0.2575497802586752, 0.25248219884338474, 0.25557151556140795, 0.2655030747180344, 0.27482344138341464, 0.2654343578703419, 0.2602772321269628, 0.2793873055665511, 0.2753108900683027, 0.2754592367799918, 0.27908880764339, 0.2807526966893547, 0.2700788093308311, 0.27969454362648466, 0.2661997182212818, 0.294026425057423, 0.28438910595244876, 0.2760234711380267, 0.2885476869641295, 0.287217578019465, 0.2740025865868186]
time:[2.3430016040802, 2.0295441150665283, 2.017002820968628, 2.016033411026001, 2.126492738723755, 2.0540006160736084, 2.032806873321533, 2.2849910259246826, 1.9969861507415771, 2.0389866828918457, 2.0440003871917725, 2.1180026531219482, 2.0742318630218506, 2.0340020656585693, 1.9910037517547607, 2.093994379043579, 1.9860799312591553, 2.141997814178467, 2.0010018348693848, 2.1343398094177246, 2.021007537841797]
