loss:[0.6617757777372997, 0.39540816297133763, 0.21724710712830222, 0.1837125485142072, 0.15407745838165285, 0.14688739726940792, 0.13051598916451138, 0.12071840986609458, 0.11674190560976663, 0.10879492039481797, 0.10491618464390438, 0.10048149451613426, 0.09518251717090606, 0.09293256103992463, 0.08775562246640524, 0.08660009652376176]
recall:[0.2594462478222587, 0.2731220224818609, 0.27311279989851445, 0.27058718273340926, 0.28703046541658445, 0.28311495894043104, 0.28861024607318436, 0.29144342479922025, 0.29394963751432795, 0.2981739471968588, 0.2910239524626322, 0.2912327115831163, 0.2907042755088582, 0.293754065266869, 0.2886498366114273]
time:[3.4346745014190674, 2.9398233890533447, 2.5867695808410645, 2.554431676864624, 2.622954845428467, 2.590116262435913, 2.472400188446045, 2.581937074661255, 2.445402145385742, 2.5772364139556885, 2.4004528522491455, 2.349470853805542, 2.5615310668945312, 2.70332670211792, 2.306708574295044]
