loss:[0.5016289790471394, 0.3560150186220804, 0.3286914477745692, 0.32403132220109304, 0.3106531232595443, 0.31298278272151947, 0.30827462176481885, 0.3045472453037897, 0.3050457815329234, 0.3003129750490189, 0.29987958669662473, 0.29929707745711015, 0.2945368697245916, 0.29148737788200374, 0.29027428030967706, 0.2920242369174957, 0.28552403549353284, 0.2889332850774129, 0.28927887678146363, 0.2840830316146215, 0.28724068601926167, 0.2863551606734594, 0.285932766397794, 0.28288773894310004, 0.2806557923555375, 0.27793265680472046]
recall:[0.2643639173794162, 0.2688293400220626, 0.28535740427586836, 0.2767360166787394, 0.28275090625158056, 0.2885596527611359, 0.28363266338333776, 0.2897688471307074, 0.27856449480438744, 0.28521066010958224, 0.29631966004944515, 0.2906686903991493, 0.2765390905889562, 0.2975835952756444, 0.2856696201372756, 0.2894504529612351, 0.2952291232277762, 0.2933619689684384, 0.2985949061420767, 0.2986293187944136, 0.29799012383244233, 0.29535438543187925, 0.28891029979304955, 0.2880803645291522, 0.28714293343673436]
time:[3.6418120861053467, 3.661367177963257, 3.580051898956299, 3.457054853439331, 3.435410976409912, 3.4648544788360596, 3.526737689971924, 3.4210174083709717, 3.523505926132202, 3.4691131114959717, 3.3947036266326904, 3.5628621578216553, 3.5979175567626953, 3.8594789505004883, 3.568125009536743, 3.5493764877319336, 3.6018073558807373, 3.7960474491119385, 3.5383055210113525, 3.5797955989837646, 3.5940279960632324, 3.7120492458343506, 3.551004409790039, 3.794818639755249, 3.5080208778381348]
