loss:[0.6942496021588643, 0.6935765246550243, 0.6927454690138498, 0.6906382143497467, 0.6843049645423888, 0.6703575154145559, 0.6435561994711559, 0.6087160448233288, 0.565066925684611, 0.5237965742746987, 0.4907150675853093, 0.46401651402314503, 0.4458997339010239]
recall:[0.07542239506525224, 0.2023776294834247, 0.21432954586593403, 0.22108355107007405, 0.22421750905578405, 0.22154759735622276, 0.22443019693693556, 0.22289041072733803, 0.22069030475364715, 0.21968211483036287, 0.22170367817268094, 0.22423437598639762]
time:[2.571924924850464, 3.2725110054016113, 3.0176453590393066, 2.703582763671875, 2.5468838214874268, 2.7812647819519043, 2.578226089477539, 2.5028812885284424, 2.558000087738037, 2.518003463745117, 2.4670004844665527, 2.654001235961914]
