loss:[0.6941090484460195, 0.6931823730468749, 0.691492861509323, 0.6870879630247752, 0.675996438662211]
recall:[0.09643128098316771, 0.2052129137708653, 0.21745189521469852, 0.2250327577483913]
time:[3.617532253265381, 3.2405474185943604, 3.171785593032837, 3.222059726715088]
