loss:[0.6942470431327821, 0.6935601234436035, 0.6926616013050081, 0.6903724988301594, 0.6836874802907308]
recall:[0.0787819043041415, 0.20838734678020404, 0.22001252154554052, 0.2253956024508586]
time:[2.8437490463256836, 2.7500128746032715, 2.656259536743164, 2.6406288146972656]
