loss:[0.6942448318004608, 0.6935644765694936, 0.6927164634068806, 0.69080029129982, 0.684946080048879, 0.6718526899814605, 0.6463830987612408, 0.6122346897919972, 0.5696155985196432]
recall:[0.07614914660062909, 0.20417684479342174, 0.23848455939089364, 0.22932748967115563, 0.2307589984139851, 0.23335547725709466, 0.23349024814658248, 0.23000866683481247]
time:[2.5369794368743896, 2.567415952682495, 2.5648086071014404, 2.4843857288360596, 2.4682488441467285, 2.3943347930908203, 2.3879945278167725, 2.3723208904266357]
