loss:[0.694252798954646, 0.6935616552829743, 0.6926481147607166, 0.6903765380382536, 0.6837974786758425, 0.6694307227929434, 0.6423727631568908, 0.606107473373413, 0.5613729993502299]
recall:[0.07980052292720756, 0.20948960256574822, 0.22511419211217065, 0.21872168711791365, 0.22424087592551212, 0.22324506879762956, 0.2232525560692678, 0.22246639254725523]
time:[4.3112664222717285, 3.8933162689208984, 3.6516273021698, 3.471851348876953, 3.3963046073913574, 3.4067130088806152, 3.4018828868865967, 3.457486152648926]
