loss:[0.6927298009395599, 0.6919493794441223, 0.690008936325709, 0.6851478636264801, 0.674134753147761, 0.654034048318863, 0.6202680389086407, 0.5764463444550832, 0.5221034695704778, 0.4669986685117086, 0.4197043548027675]
recall:[0.12085945276646076, 0.206574892238639, 0.23163689597314943, 0.22901626862206384, 0.23714863116817306, 0.23080094695660747, 0.23687427614314416, 0.23479655826353946, 0.23177704857287074, 0.23284986763760354]
time:[4.181997060775757, 3.4604687690734863, 3.4214913845062256, 2.8284103870391846, 3.3610048294067383, 3.34067702293396, 2.840000629425049, 3.3900041580200195, 3.2540037631988525, 3.1139986515045166]
