loss:[0.6929525911808014, 0.6929479221502939, 0.6929467618465424, 0.6929442683855694, 0.6929388384024301, 0.6929271757602692, 0.6929314494132995, 0.692923218011856, 0.6929149468739828, 0.6929187635580697, 0.6929159859816232, 0.6929076135158537, 0.692907392978668, 0.6929144660631816, 0.6928984304269156, 0.6929009854793549, 0.6928907314936319, 0.692894705136617, 0.6928898831208545, 0.6928778012593589, 0.692870819568634, 0.6928710420926412, 0.6928661664326986, 0.6928568422794342, 0.6928627212842307, 0.6928543269634246, 0.6928497930367787, 0.6928429106871289, 0.6928345898787183, 0.6928339421749115, 0.6928314725557962, 0.6928228358427684, 0.6928175489107765, 0.6928190231323241, 0.6928058385848997, 0.6928170065085093, 0.692800376812617, 0.6927961667378744, 0.6927870412667595, 0.6927835643291476]
recall:[0.01581544204522641, 0.01581544204522641, 0.01581544204522641, 0.01581544204522641, 0.01581544204522641, 0.016152369268946084, 0.016152369268946084, 0.016152369268946084, 0.016152369268946084, 0.016152369268946084, 0.016152369268946084, 0.016152369268946084, 0.016152369268946084, 0.016152369268946084, 0.016152369268946084, 0.016152369268946084, 0.016152369268946084, 0.016152369268946084, 0.01682622371638544, 0.016994687328245276, 0.01763645346866371, 0.01763645346866371, 0.01763645346866371, 0.01763645346866371, 0.01763645346866371, 0.01763645346866371, 0.01763645346866371, 0.01763645346866371, 0.01718721717037081, 0.01718721717037081, 0.01741183531951726, 0.01808568976695661, 0.01808568976695661, 0.019433398661835317, 0.018759544214395962, 0.018759544214395962, 0.018759544214395962, 0.018759544214395962, 0.01853492606524951]
time:[3.984994411468506, 3.7350025177001953, 3.670165777206421, 3.6830010414123535, 3.6753053665161133, 3.6880035400390625, 3.7918741703033447, 3.6355550289154053, 3.6292362213134766, 3.6269946098327637, 3.824998617172241, 3.6271135807037354, 4.003964900970459, 3.5052614212036133, 3.5083508491516113, 3.4839589595794678, 3.6319615840911865, 3.614948272705078, 3.536515712738037, 3.563002347946167, 3.3510122299194336, 3.3469107151031494, 3.447114944458008, 4.405421018600464, 4.39950704574585, 4.353129863739014, 4.393945217132568, 4.435784339904785, 4.382155895233154, 4.3035242557525635, 4.311992883682251, 4.280726671218872, 4.722337245941162, 4.548580169677734, 4.312916278839111, 4.222142696380615, 4.257379770278931, 3.5404622554779053, 3.469648838043213]
