loss:[0.6942438264687857, 0.6935631970564526, 0.6926750381787617, 0.6904942393302917, 0.6839311202367148]
recall:[0.08698967624169779, 0.19908688571087502, 0.23124275769154484, 0.22184334458593227]
time:[3.584336996078491, 3.587627410888672, 3.6260719299316406, 3.5484979152679443]
