loss:[0.694247607390086, 0.693570375442505, 0.6926622827847799, 0.6904549141724905, 0.6842882494131722, 0.6711773614088694, 0.6466836472352346, 0.6134474893411, 0.570496133963267]
recall:[0.10097595202042639, 0.21076734548769593, 0.23455459260715333, 0.23272991982560723, 0.22845468772018643, 0.23086443729974734, 0.2305836646133143, 0.23045584619034762]
time:[3.781674385070801, 3.603346347808838, 3.5912997722625732, 3.4187963008880615, 3.3482792377471924, 3.4857044219970703, 3.330404043197632, 3.371079921722412]
