loss:[0.42075402537981665, 0.305705538392067, 0.2896745602289835, 0.2914441327253977, 0.2894962161779404, 0.2902778575817744, 0.2858810027440389, 0.29299514094988505, 0.29638461271921795, 0.2955554376045863, 0.2941328177849452]
recall:[0.21639960256874008, 0.21607468789072554, 0.2034395822805527, 0.211779780192853, 0.22191703549520259, 0.22029476775096724, 0.19105566304016436, 0.21918917410831149, 0.1930129001726036, 0.21317186295286025]
time:[1.5789992809295654, 1.5598540306091309, 1.5280039310455322, 1.4229865074157715, 1.4330015182495117, 1.4170007705688477, 1.4059996604919434, 1.4050474166870117, 1.4000029563903809, 1.4030039310455322]
