loss:[0.6942444662253062, 0.6935570041338602, 0.6926375289758044, 0.6902888675530751, 0.6835262318452199]
recall:[0.09508896875810616, 0.2068423770748569, 0.22119261765488188, 0.21834807151518745]
time:[4.888797760009766, 3.977355480194092, 3.9716081619262695, 3.8709919452667236]
