loss:[0.7331145485242205, 0.6711796005566915, 0.6254492600758871, 0.6110517819722493, 0.5959145247936248, 0.5999807178974151, 0.5935138821601867, 0.5967216531435651, 0.5887192805608114, 0.5863557179768881, 0.5886952857176463, 0.5812731405099234, 0.5805809219678243]
recall:[0.20464778931760078, 0.20995074669266053, 0.2165897893660698, 0.21870778218487125, 0.22390264534806315, 0.22512178223094678, 0.22714593732113958, 0.21931844735079245, 0.2136725920081716, 0.2232397207464594, 0.22487622440452643, 0.2156630543759925]
time:[2.78955078125, 2.833625316619873, 3.693490505218506, 3.725010633468628, 3.6789634227752686, 3.8530046939849854, 3.6445257663726807, 3.679004192352295, 3.7739977836608887, 3.6949965953826904, 3.7190003395080566, 3.984002113342285]
