loss:[0.6929047266642252, 0.6922030250231423, 0.6904448052247365, 0.6860291838645934, 0.6756766517957051]
recall:[0.11566166687460479, 0.20107602602548702, 0.22826704031218867, 0.23568951825353457]
time:[3.5310025215148926, 3.5055501461029053, 2.9809939861297607, 3.4098167419433594]
