loss:[0.6942468643188477, 0.6935521999994915, 0.6926123956839243, 0.6901751577854156, 0.6830097297827401]
recall:[0.10368022962362579, 0.21510445043127002, 0.2187061777695202, 0.21952611629161506]
time:[2.9843692779541016, 2.921895742416382, 3.046870470046997, 3.050433874130249]
