loss:[0.6936978300412495, 0.6921899358431498, 0.6892194330692291, 0.6823021113872528, 0.6671089867750805]
recall:[0.07101578602589385, 0.17842679557639135, 0.22667910107263206, 0.23176264249377465]
time:[3.562147617340088, 3.036524534225464, 3.0296897888183594, 2.762324094772339]
