loss:[0.5008610139290491, 0.3545747280120849, 0.32882567048072814, 0.3253473778565724, 0.31050449411074316, 0.3140442272027334, 0.31017603874206545, 0.3056348413228989, 0.3056295931339263, 0.2997840404510497, 0.3001691430807114, 0.29997565845648455, 0.2959916551907857, 0.2943519333998362, 0.29306371907393136, 0.2943622092405955, 0.28785308698813117]
recall:[0.2600815682520535, 0.26104294776801534, 0.27841152558133725, 0.2683984049044698, 0.283373337130076, 0.2870313442921266, 0.2758012109932601, 0.27987837447069297, 0.2774832890230468, 0.28613632548942564, 0.29967034500390377, 0.2950818199470498, 0.27163099890525816, 0.2939498076795926, 0.29061874034919916, 0.2869236296796949]
time:[2.627668619155884, 3.103264808654785, 3.577014446258545, 3.777015209197998, 3.6320013999938965, 3.079206943511963, 3.6829617023468018, 2.8020012378692627, 3.445002555847168, 3.448000431060791, 3.459007978439331, 3.4190080165863037, 3.384010076522827, 3.4559993743896484, 3.4569954872131348, 3.3459973335266113]
