loss:[0.6942625145117441, 0.6935699164867403, 0.6926585853099825, 0.6903178850809734, 0.6833867788314819]
recall:[0.09255148864313278, 0.21276576822398938, 0.23069161296924107, 0.2246910995563287]
time:[3.706378221511841, 3.675260543823242, 3.8673501014709473, 3.7962546348571777]
