loss:[0.6942548255125681, 0.6935717980066934, 0.6926822503407797, 0.6904056032498677, 0.6837383349736533]
recall:[0.0973037276440241, 0.20732712929478433, 0.23071423933957633, 0.22153965755717794]
time:[3.8756556510925293, 4.032950401306152, 5.180004119873047, 3.8177363872528076]
