loss:[0.6942474603652954, 0.6935443222522737, 0.6925774216651914, 0.6901258865992228, 0.6832854847113291]
recall:[0.10427867654956592, 0.20437411495362978, 0.228099975421404, 0.22787081142876295]
time:[3.766982316970825, 3.733964681625366, 3.7739810943603516, 3.4628450870513916]
