loss:[0.6942467470963796, 0.6935708204905191, 0.6926377455393475, 0.6902112682660421, 0.6828935186068217]
recall:[0.08772427033882557, 0.20465217060567467, 0.21286524945554597, 0.21510554809072338]
time:[3.758571147918701, 3.7998836040496826, 3.809861660003662, 3.508352518081665]
