loss:[0.6942364672819774, 0.6935329119364421, 0.6925376057624816, 0.690043693780899, 0.6828989684581757]
recall:[0.095988559583573, 0.2065516413056845, 0.21984293409495573, 0.2142616592751365]
time:[2.9531304836273193, 2.9061737060546875, 2.6406283378601074, 2.5156540870666504]
