loss:[0.6371984382470447, 0.31303461442391084, 0.1878544827302297, 0.15555631419022878, 0.128601132084926, 0.1203880600631237, 0.10836503182848296, 0.09996485287944476, 0.0971720499296983, 0.09027139991521836, 0.08677844256162641, 0.08353207732240357]
recall:[0.26195448382106085, 0.27364599499033504, 0.2741891438151549, 0.27486574895604565, 0.29324446330848003, 0.2970750666673854, 0.2895348306231061, 0.2946828366302766, 0.2852106152308314, 0.28235449411325464, 0.28190889299379923]
time:[5.030509948730469, 4.90756368637085, 4.8184404373168945, 4.484628677368164, 5.033470630645752, 4.751691579818726, 5.2841620445251465, 4.824981927871704, 5.141952753067017, 4.8943328857421875, 5.163543462753296]
