loss:[0.6942559917767843, 0.6935712695121764, 0.6927032510439555, 0.6905611594518025, 0.6841374774773915, 0.6697612404823301, 0.6427739401658376, 0.6070272684097289, 0.5622268557548522]
recall:[0.08400931391160502, 0.22569718391820826, 0.23911228409206856, 0.23337732198918193, 0.2303803563911382, 0.2290187425632171, 0.2283299135725013, 0.2246686377414141]
time:[2.8750057220458984, 2.891087293624878, 2.687464952468872, 2.7031290531158447, 2.766171932220459, 2.703129529953003, 2.702821969985962, 3.6098034381866455]
