loss:[0.6942542850971223, 0.6935745974381765, 0.6926767528057098, 0.6904438157876333, 0.6840863009293873]
recall:[0.0985425700385268, 0.21849434632453502, 0.22617411414581237, 0.21945634479327217]
time:[3.818883180618286, 3.738408327102661, 3.7923696041107178, 3.6499528884887695]
