loss:[0.47431011696656555, 0.3339318891366323, 0.31138521532217667, 0.30531163016955043, 0.2941492686669032, 0.29551882147789, 0.29097999433676397, 0.2902762363354365, 0.28865650792916614, 0.28202274243036907, 0.2831229597330093, 0.2819540739059448, 0.2786247213681538, 0.27687564293543493, 0.273416543006897, 0.27688119312127435, 0.27175392111142477, 0.27347967475652696]
recall:[0.27335604833920224, 0.27094138266645035, 0.2763943771861565, 0.2802774625045518, 0.2797091198708453, 0.2936161865238692, 0.28084761898778127, 0.29416322484044916, 0.28353649569956885, 0.2811768925144941, 0.29032618138076427, 0.30373046951551064, 0.2773526114496469, 0.2849662336016788, 0.29291719623593, 0.2938386935017668, 0.29084717880203126]
time:[2.421678304672241, 3.2309975624084473, 2.9480035305023193, 3.0664258003234863, 3.2382044792175293, 2.8970015048980713, 2.841956377029419, 2.872004985809326, 3.2588510513305664, 2.8670012950897217, 2.731001377105713, 2.652989625930786, 2.6341724395751953, 2.6100051403045654, 2.680968761444092, 2.667998790740967, 2.658006191253662]
