loss:[0.6946019053459166, 0.6945879419644674, 0.6945849617322287, 0.6945784231026966, 0.6945697863896688]
recall:[0.018124545415650534, 0.01846147263937021, 0.018124545415650534, 0.018124545415650534]
time:[3.8064136505126953, 3.6146292686462402, 3.4201319217681885, 3.625370740890503]
