loss:[0.7041146238644918, 0.6970271825790406, 0.6943752447764079, 0.6935099522272744, 0.6932478566964467, 0.6931732018788654, 0.6931537111600238]
recall:[0.003762353998203055, 0.0032746603501320483, 0.003002979350688246, 0.002553159628631327, 0.0025980832584606172, 0.002508235998802037]
time:[3.0292065143585205, 3.3032326698303223, 3.789008378982544, 3.6979939937591553, 3.6469902992248535, 3.642969846725464]
