loss:[0.6641225377718609, 0.40886307458082827, 0.22658240795135492, 0.19134039580821985, 0.15973738183577857, 0.15242157876491544, 0.1360857923825582, 0.12480038851499557, 0.11969686547915141, 0.11313052400946616, 0.10779269759853681, 0.10441074048479394, 0.09884595349431037]
recall:[0.2556777229957825, 0.2678015754835164, 0.274703372024801, 0.27912850102877107, 0.2810417663348936, 0.29059610836902, 0.2979741095980992, 0.2974284774823863, 0.28748714971760836, 0.2851098586947648, 0.2898739026771377, 0.29383964717522715]
time:[3.5610811710357666, 3.248547077178955, 2.4505841732025146, 2.5040483474731445, 2.434941291809082, 2.4590139389038086, 2.519948720932007, 2.4583630561828613, 2.4308199882507324, 2.3004839420318604, 2.50687575340271, 2.6768524646759033]
