loss:[0.6942633310953777, 0.6935936331748961, 0.6927817841370901, 0.6908698856830595, 0.6853718042373658]
recall:[0.06783608724309534, 0.21473950016739782, 0.23330966914187948, 0.23250032387498706]
time:[2.812502861022949, 2.765566110610962, 2.7187552452087402, 2.687511682510376]
