loss:[0.6867174843947093, 0.5411386201779047, 0.39569274683793393, 0.36732811133066817, 0.3420436958471934, 0.3404337366422017, 0.319679852326711, 0.31162701547145844, 0.3044753472010295, 0.29909163216749823, 0.2936249107122421, 0.2916974286238352, 0.2872981429100036, 0.28546135326226546, 0.28125081559022264, 0.2814466486374538, 0.27613316774368296]
recall:[0.2297236157074433, 0.2446454806798473, 0.25797867900293797, 0.2563777398851525, 0.27174135388421133, 0.2749762591406801, 0.27427054451987115, 0.2850493565284675, 0.28565320573406866, 0.28835285334611527, 0.2958773762176732, 0.29123339598407033, 0.2846563140363685, 0.286530086041542, 0.2844555152843568, 0.29109431299458294]
time:[2.681558132171631, 3.9890003204345703, 3.6904590129852295, 3.587019205093384, 3.5819926261901855, 3.5195202827453613, 3.482002019882202, 3.5429773330688477, 3.76096510887146, 3.4865307807922363, 3.483940601348877, 3.5029590129852295, 3.598008394241333, 3.3479838371276855, 2.7570033073425293, 3.2849957942962646]
