loss:[0.6927219152450561, 0.6919586837291716, 0.6901072641213735, 0.6854659219582877, 0.6748236676057179]
recall:[0.1062081935734226, 0.19530278421787867, 0.23535748094373435, 0.23799455635709016]
time:[3.4710066318511963, 3.0140016078948975, 2.8969600200653076, 3.3595173358917236]
