loss:[0.6631614744663239, 0.4037294367949168, 0.22637422680854796, 0.19142685333887732, 0.1591384132703145, 0.14949354132016499, 0.13440983146429059, 0.12188242375850676, 0.11769038860996565, 0.10900426159302394, 0.10420883844296137, 0.10107570365071294, 0.09594583138823509, 0.09281264965732894, 0.08814127743244173, 0.0876709386706352, 0.08410152718424797]
recall:[0.2489154675812358, 0.2615612562041135, 0.27398981110234516, 0.2719035363408681, 0.2739618852994868, 0.27871317623676156, 0.2863514143837598, 0.28419804962931694, 0.28670080668059145, 0.28700078373258997, 0.2913772249014842, 0.2865607213989969, 0.2796663354614841, 0.2778940062632788, 0.2786204081183869, 0.28641315071571194]
time:[3.669020652770996, 2.818962335586548, 2.5390076637268066, 2.607609987258911, 2.7036561965942383, 2.6174161434173584, 2.66572904586792, 2.5117642879486084, 2.497307777404785, 2.680410385131836, 2.3612329959869385, 2.462524175643921, 2.443624973297119, 2.5119986534118652, 2.414689302444458, 2.738386631011963]
