loss:[0.5015949159860612, 0.35245052079359696, 0.32610119978586827, 0.3222980678081513, 0.3087493439515433, 0.31163990894953403, 0.3078462809324264, 0.3033151815334955, 0.301851906379064]
recall:[0.26395902128718857, 0.26798292864667556, 0.27480573858606233, 0.2724935385818138, 0.2753176499301841, 0.28846918841865005, 0.2835584563684299, 0.28160954424431556]
time:[3.5250303745269775, 3.595966339111328, 3.7781975269317627, 3.6400668621063232, 3.6081504821777344, 3.5443732738494873, 3.579273223876953, 3.4797961711883545]
