loss:[0.694245849053065, 0.6935661792755129, 0.6926334897677103, 0.6902271966139474, 0.6830406328042349, 0.6673691789309183, 0.6382977445920308, 0.6007615784804026, 0.5555554866790773]
recall:[0.1038625084110259, 0.2115235449635721, 0.22391828559281404, 0.21635793077841603, 0.21426898199135405, 0.21352659021122644, 0.21556687173264003, 0.21618831527861188]
time:[3.5962820053100586, 3.446685552597046, 3.7054684162139893, 3.5232255458831787, 3.65293288230896, 3.4990484714508057, 3.4666435718536377, 3.4038774967193604]
