loss:[0.6942804972330728, 0.6942729075749715, 0.694274357954661, 0.6942645569642385, 0.6942361772060396]
recall:[0.026346605625581356, 0.02693061281336213, 0.027469696371313617, 0.02920246495044338]
time:[3.9650051593780518, 3.6867010593414307, 3.516014337539673, 3.457202672958374]
