loss:[0.6937229096889496, 0.6933882713317873, 0.6929974476496376, 0.6921340644359589, 0.6896587431430816, 0.6837258338928224, 0.6714205880959829, 0.6523682852586112, 0.6248104651769003, 0.5916221439838409]
recall:[0.04630745863899504, 0.15392013833725432, 0.22808834621503096, 0.23512292589112, 0.23199164193099514, 0.23108415992513037, 0.22969901467206058, 0.22878931116801743, 0.23061246181192283]
time:[2.0620036125183105, 2.3455827236175537, 2.125659465789795, 2.048029899597168, 2.0422353744506836, 2.3319995403289795, 2.5566606521606445, 2.1700034141540527, 2.0040056705474854]
