loss:[0.6942584097385406, 0.693569819132487, 0.6926569342613222, 0.6903376320997874, 0.6835523724555969]
recall:[0.11245605996279844, 0.22242417660207425, 0.2321597352931586, 0.2315997120579332]
time:[3.6215627193450928, 3.5769474506378174, 3.5874528884887695, 3.465181589126587]
