loss:[0.6945852339267731, 0.6945894658565521, 0.6945797244707743, 0.6945672730604806, 0.694559528430303, 0.6945408980051676, 0.6945406615734102, 0.694531641403834, 0.6945165892442068, 0.6945193092028301]
recall:[0.013972071654012354, 0.013972071654012354, 0.013972071654012354, 0.014645926101451708, 0.014376384322475965, 0.014511155211963838, 0.014511155211963838, 0.014511155211963838, 0.014241613432988095]
time:[3.8085148334503174, 3.928581953048706, 4.1756272315979, 4.0623273849487305, 3.7865588665008545, 3.792126417160034, 3.656167984008789, 3.6683695316314697, 3.7495439052581787]
