loss:[0.6911682307720182, 0.6859227140744526, 0.6735120793183643, 0.647517341375351, 0.6026457786560059, 0.5432277262210845, 0.47270764211813615, 0.4135613799095154, 0.364366348584493, 0.3297056406736374, 0.30642747183640795, 0.2888008375962575, 0.2751793702443441, 0.26770495573679604, 0.25824254949887593, 0.255426458021005, 0.24616532226403554, 0.24244372795025512, 0.2374495506286621, 0.22974769870440168, 0.23230221966902417, 0.22771413326263432, 0.22662863035996755, 0.216578467686971, 0.21557358851035438, 0.2131695717573166, 0.2147356957197189, 0.21219615439573924, 0.2157699763774872, 0.20649989296992619, 0.20849986622730893, 0.20556105673313138]
recall:[0.13475562136276406, 0.22495165249545307, 0.2577565497545282, 0.26779953911018606, 0.25772805548748945, 0.2643137279761269, 0.26412280254935244, 0.2680143119833147, 0.2652493695283453, 0.26359089024183374, 0.2696416753357455, 0.27403119118078706, 0.27758986670711766, 0.27878274952062043, 0.2763825441554556, 0.2802950961138297, 0.28824096313988545, 0.28680153516743856, 0.2889571494692793, 0.2924226043498286, 0.29419708772808556, 0.2939178708383565, 0.2931290819094059, 0.2944217058772321, 0.29440673133395573, 0.2958592620317695, 0.29479780477085127, 0.2902632258427412, 0.2926170340590833, 0.293339555772171, 0.29450160501373507]
time:[1.5720124244689941, 1.4729797840118408, 1.4376800060272217, 1.645998239517212, 1.0510313510894775, 1.0540797710418701, 1.1190016269683838, 1.0549960136413574, 1.2759816646575928, 1.3159995079040527, 1.2500076293945312, 1.2336833477020264, 1.2210166454315186, 1.236140251159668, 1.2169828414916992, 1.319000005722046, 1.1989843845367432, 1.2088367938995361, 1.2259960174560547, 1.2042992115020752, 1.1916799545288086, 1.2849969863891602, 1.2730090618133545, 1.2209932804107666, 1.1950228214263916, 1.0251388549804688, 0.9695160388946533, 1.0022268295288086, 1.0149528980255127, 0.9993915557861328, 1.0007829666137695]
