loss:[0.6942764123280842, 0.6942579845587412, 0.69426522453626, 0.6942505021890004, 0.6942330737908681, 0.6942121565341951, 0.6941999316215515, 0.6941873113314311, 0.694170884291331, 0.6941564281781517, 0.6941438476244608, 0.694139983256658, 0.6941090325514475, 0.6941120286782582, 0.6940667470296225, 0.6940575480461122, 0.6940364201863608, 0.6940215249856312, 0.6940003454685212, 0.6939693133036294, 0.6939465264479321, 0.6939432819684346, 0.6939193586508433, 0.6938654065132142, 0.6938518643379211, 0.6938147266705829, 0.6937957684199015, 0.6937606771787007, 0.6937346160411835, 0.6937008539835612, 0.6936706463495891, 0.6936327477296192, 0.6935605923334757, 0.6935344497362773, 0.6934813678264617, 0.6934417545795443, 0.6933812697728476, 0.693341052532196, 0.6932724932829538, 0.6932236115137734, 0.6931594471136727, 0.6930984000364938, 0.6930141647656757, 0.6929569721221924, 0.6928900162378946, 0.6928136269251505, 0.6927252491315204, 0.6926285445690155, 0.6925331314404807, 0.6924431065718332, 0.6923527340094251, 0.6922680258750915, 0.6921794970830281, 0.6920584042867024, 0.6919245858987173, 0.6918283661206563, 0.6916883766651154, 0.6915434499581654]
recall:[0.027152824339482018, 0.028693063076486253, 0.029912418743281273, 0.029575491519561597, 0.031574593046965006, 0.03528079250788145, 0.037077737701053055, 0.038032364834925475, 0.03888591380168199, 0.04077788975026172, 0.04109293858283077, 0.045285810700231195, 0.044865453878257126, 0.046218778226864494, 0.046712938154986686, 0.049479485025307156, 0.05428302230862881, 0.05487608752433553, 0.056795551707950656, 0.06296880717365898, 0.06845969992870264, 0.07264080633352869, 0.07725617449337127, 0.08158381750025957, 0.09082204109158287, 0.0946533849498809, 0.10377822985639695, 0.11093392232206244, 0.11761917140960264, 0.12610599381151938, 0.1261043893961683, 0.1367790995317949, 0.14563440265933528, 0.15015083187253003, 0.15287192030790417, 0.16248718150672334, 0.1660810718930666, 0.16650035910480662, 0.17280741308706268, 0.1745947317881281, 0.18170648795648806, 0.1854052001457663, 0.19021202853750038, 0.1899649485734393, 0.19149876964903934, 0.18838620386800997, 0.19157578158588956, 0.19214855786621304, 0.193608575835665, 0.19611833397210773, 0.19607341034227846, 0.19783826722842915, 0.19653650295496675, 0.19770723997476042, 0.19418822230479932, 0.194525149528519, 0.19722056731827642]
time:[3.43399977684021, 3.4152991771698, 3.395001173019409, 2.7675533294677734, 2.8299901485443115, 3.3811728954315186, 3.3129968643188477, 3.381039619445801, 3.3539609909057617, 2.859884023666382, 3.53257155418396, 3.4999749660491943, 3.5809974670410156, 3.523000478744507, 3.441000461578369, 3.493022918701172, 3.4739577770233154, 3.516958713531494, 3.3839592933654785, 2.7999985218048096, 3.3800103664398193, 3.410996675491333, 3.4449574947357178, 3.250988721847534, 3.370502233505249, 3.0149571895599365, 3.375964641571045, 3.3622498512268066, 3.605008602142334, 3.5703177452087402, 3.5199620723724365, 3.5659964084625244, 3.566446542739868, 3.6090002059936523, 3.5859971046447754, 3.5519988536834717, 3.514997720718384, 3.650991201400757, 3.6066043376922607, 3.4719998836517334, 3.4503796100616455, 3.2641286849975586, 3.551487445831299, 3.5238871574401855, 3.548001527786255, 3.5056354999542236, 3.712996482849121, 3.4779438972473145, 3.3749778270721436, 3.4625415802001953, 3.524982213973999, 3.3779661655426025, 3.0716445446014404, 3.424009323120117, 3.7709736824035645, 3.5480027198791504, 3.522974967956543]
