loss:[0.6941810409228006, 0.6844494024912515, 0.6425458649794261, 0.5652642389138539, 0.48392417033513385, 0.4422058939933776, 0.41214298903942104]
recall:[0.2160452754792379, 0.21438914858726188, 0.21416560004834947, 0.2122649849401872, 0.2107300942543531, 0.2124147303729515]
time:[4.311618804931641, 3.045384645462036, 2.8664560317993164, 2.899876832962036, 3.0135960578918457, 2.8176891803741455]
