loss:[0.6929279069105785, 0.6824330250422161, 0.6393012404441835, 0.5606620013713836, 0.47584201991558067, 0.4269062101840974, 0.3897939234972]
recall:[0.22420355737404274, 0.2217811089778745, 0.22050411029521547, 0.22269039361357426, 0.22003570329042035, 0.21655412197865037]
time:[3.2410008907318115, 2.8059983253479004, 2.7050068378448486, 2.760000705718994, 2.7159976959228516, 2.8985278606414795]
