loss:[0.6941255072752635, 0.6838720381259918, 0.6419193347295125, 0.5662360986073812, 0.4858569274346033, 0.44216884672641754, 0.4089694211880366]
recall:[0.22618290477117983, 0.22107123746274696, 0.22006610490437997, 0.21877668976725587, 0.22240427287597112, 0.2215058002793853]
time:[4.248296499252319, 3.1363344192504883, 3.092613935470581, 2.951861619949341, 2.884753465652466, 2.9378533363342285]
