loss:[0.6907992978890737, 0.6688187738259633, 0.6019172688325246, 0.512131134668986, 0.43450130422910066, 0.39615287780761727, 0.36564561327298484]
recall:[0.21547196439379737, 0.21356715312240926, 0.21113860308604257, 0.21251840028794217, 0.2073271292947844, 0.20354231348166668]
time:[2.562505006790161, 3.7920260429382324, 3.8320019245147705, 3.5549986362457275, 3.5540080070495605, 3.5219995975494385]
