loss:[0.694130676984787, 0.6793812533219655, 0.6260538995265961, 0.5452267626921335, 0.4722751090923945, 0.4408763120571773, 0.41674467126528425]
recall:[0.21773020704961416, 0.21315222662931566, 0.21626693163081312, 0.21199918679703056, 0.20846145094797397, 0.2108199415140117]
time:[4.2151038646698, 4.455306768417358, 3.517516851425171, 3.4830703735351562, 3.47424054145813, 3.445625066757202]
