loss:[0.5470856418212253, 0.3638548433780671, 0.3287259389956792, 0.3174194792906443, 0.30192481875419613, 0.30929046571254737, 0.29520887235800425, 0.29355256358782456, 0.2861969649791717, 0.28516718347867326, 0.2819985806941986, 0.28311713735262556, 0.28022197186946873, 0.2806681841611862, 0.27702856560548145, 0.2787914062539736, 0.27601417352755864]
recall:[0.23100932086781148, 0.24419821904660186, 0.26057702966395707, 0.2580838168270785, 0.26674202930941493, 0.2696750034182652, 0.27778260972331104, 0.28194403118594547, 0.2911271212315691, 0.2836744810296028, 0.2961334655910133, 0.29374751483915956, 0.28957571890523415, 0.28633916061476744, 0.289005904622482, 0.29427097311194395]
time:[2.721787929534912, 2.895972967147827, 2.8206708431243896, 2.606304407119751, 2.644306182861328, 2.7882602214813232, 2.7739810943603516, 2.6298248767852783, 2.6414570808410645, 2.6093931198120117, 2.5811750888824463, 2.7031569480895996, 2.906991720199585, 2.7249832153320312, 2.6625897884368896, 2.7500150203704834]
