loss:[0.4106048832337062, 0.33568178912003843, 0.32533545593420665, 0.3254854500293732, 0.31421457926432284, 0.31981959740320853, 0.31576054791609437, 0.3126952528953551, 0.31351822515328726, 0.3102745940287909, 0.30885203282038365, 0.310242501894633, 0.30698089500268305, 0.3053744852542876, 0.30288435022036236, 0.30556451380252836, 0.2995938877264659, 0.30433235069115955, 0.30199531515439354, 0.29848683079083754, 0.30354567567507423, 0.3025276670853297, 0.3012946863969167]
recall:[0.27491102787598776, 0.27640798105757697, 0.2797547428612122, 0.28127540885290253, 0.28158429807688606, 0.29262363684533566, 0.2861536187681745, 0.29679573384088265, 0.2811898381642322, 0.29686114275063114, 0.3025496871352674, 0.29183921424487524, 0.28133250023411793, 0.30349621552451805, 0.28950799873980526, 0.2816412286425769, 0.304582666509891, 0.28802314599147527, 0.3022465554810575, 0.30183341852816303, 0.29368119900464956, 0.2944985326892341]
time:[3.399998426437378, 3.2837226390838623, 3.280691385269165, 3.2090134620666504, 3.2330000400543213, 3.199995517730713, 3.183533191680908, 3.1909713745117188, 3.2034106254577637, 3.2590038776397705, 3.223855972290039, 3.16921067237854, 3.200993061065674, 3.634003162384033, 3.716956377029419, 3.504004716873169, 3.6315717697143555, 3.3323042392730713, 2.850994825363159, 3.3540031909942627, 3.313002347946167, 3.3270201683044434]
