loss:[0.6927728831768035, 0.6751160482565561, 0.6155373533566791, 0.5307780106862386, 0.45642423729101816, 0.4227031479279201, 0.3956900318463643, 0.3898054589827854]
recall:[0.21318620171382985, 0.2138179767222895, 0.21070701535661113, 0.21314473935767744, 0.20754800380811175, 0.21080496697073528, 0.21104455966315816]
time:[4.38200569152832, 4.106998443603516, 3.873016357421875, 3.885002851486206, 3.8500003814697266, 2.7859959602355957, 2.6359989643096924]
