loss:[0.69107932249705, 0.6727435966332754, 0.6109543442726136, 0.5210463424523673, 0.43689196109771733, 0.3957867602507274, 0.36327834328015646, 0.35326215724150334, 0.33245241343975074, 0.32147651116053255]
recall:[0.21111008824957622, 0.21176766480000989, 0.2088187007661402, 0.21195051953138214, 0.21105204693479637, 0.20992895618906413, 0.20779508377217284, 0.2111643560093696, 0.21078624879163974]
time:[4.468744993209839, 2.6529927253723145, 3.7319889068603516, 3.8050148487091064, 3.9759695529937744, 3.671990156173706, 3.821985960006714, 3.779000759124756, 3.757995843887329]
