loss:[0.6945889174938201, 0.6945795933405557, 0.6945802907148998, 0.6945670266946158, 0.6945651113986968]
recall:[0.020367518076412953, 0.020367518076412953, 0.020367518076412953, 0.020367518076412953]
time:[4.096392631530762, 3.968362808227539, 5.389563798904419, 4.9317920207977295]
