loss:[0.6926442821820578, 0.6869127154350281, 0.6641761342684428, 0.6093281288941701, 0.5257790565490722, 0.4557884444793065, 0.3992093811432521]
recall:[0.2332324047620544, 0.23153867695646682, 0.22984195910408856, 0.22828300218798875, 0.22216643606468417, 0.22512778289395552]
time:[1.9969983100891113, 1.6619250774383545, 1.5720019340515137, 1.6029963493347168, 2.214000701904297, 2.1890037059783936]
