loss:[0.6921653191248579, 0.6578770180543263, 0.558649746576945, 0.4585085958242417, 0.3993903507788975, 0.38856593171755466, 0.3722684899965921]
recall:[0.21569514268301335, 0.21405872130265666, 0.21469460458678793, 0.21168472138822556, 0.2124147303729515, 0.21376243926783023]
time:[8.111226081848145, 7.98395299911499, 8.18299388885498, 8.188018083572388, 8.109018325805664, 8.091976165771484]
