loss:[0.6926546831925712, 0.6740947326024372, 0.6135062634944917, 0.5289052327473958, 0.45450295309225724, 0.42131240665912634, 0.3955754190683364, 0.3907458265622457, 0.3753280957539875, 0.36597328881422675]
recall:[0.21111147949085962, 0.20832347122778402, 0.21160548795319695, 0.2120216486119452, 0.2087272490911306, 0.21080496697073528, 0.20969685076827946, 0.21129163962721925, 0.20915776721032797]
time:[3.726004123687744, 3.766754150390625, 3.670003652572632, 3.8249526023864746, 4.5579588413238525, 3.531003952026367, 3.471996307373047, 3.4900057315826416, 3.786975145339966]
