loss:[0.6907762666543324, 0.6705684959888456, 0.6061773598194122, 0.5166692038377126, 0.4355810185273488, 0.3950235664844513, 0.3620502948760986, 0.35321537454923]
recall:[0.21485426448364464, 0.2160683543769798, 0.21451054934882433, 0.21559085568519534, 0.21314099572185835, 0.21172590138223576, 0.2097043380399177]
time:[2.703169822692871, 4.0439772605896, 2.6192374229431152, 2.514177083969116, 3.8390073776245117, 3.6200144290924072, 3.5000011920928955]
