loss:[0.6942298690478007, 0.69409352739652, 0.6939044396082561, 0.693606956799825, 0.6931039869785308, 0.692322504520416, 0.6910504559675851, 0.6893523355325064, 0.6868095258871714, 0.6835244139035543, 0.6795556724071503, 0.6746075948079429, 0.6692618787288666, 0.6631361325581868]
recall:[0.059203545406375596, 0.10007656875918333, 0.1600296622365356, 0.20088084833704792, 0.21888444551854275, 0.22071200549974154, 0.2222297824218311, 0.22347382140171915, 0.22262404972984506, 0.21721046436342947, 0.21623738645301996, 0.21703103724667072, 0.21518657667579508]
time:[3.4600062370300293, 3.4960010051727295, 3.5060391426086426, 3.326004981994629, 3.4350035190582275, 3.5390405654907227, 3.4430010318756104, 3.387140989303589, 3.4163851737976074, 3.7510013580322266, 3.5379860401153564, 3.5770020484924316, 3.4889731407165527]
