loss:[0.6927837789058685, 0.6825653990109762, 0.6486995398998259, 0.5930754641691843, 0.5280018697182338, 0.48157108028729767, 0.4415066281954447, 0.42130585610866544, 0.3985659281412761, 0.38534500400225313, 0.38124682009220123, 0.37959620058536525]
recall:[0.20692166473837642, 0.20721366833226684, 0.20796988276772654, 0.20716125743079933, 0.20671202113250645, 0.2081806782615409, 0.20565372408364332, 0.20565372408364332, 0.20700143297852203, 0.20253153181050765, 0.20758544016630281]
time:[1.4720005989074707, 2.016948938369751, 2.0129289627075195, 1.9784560203552246, 1.9510047435760498, 2.0420045852661133, 1.9509317874908447, 1.9799995422363281, 1.9410004615783691, 1.937993049621582, 1.9679999351501465]
