loss:[0.6912470579147338, 0.6728536625703178, 0.611039427916209, 0.521169251203537, 0.4388654321432114, 0.3972045491139094, 0.3654729247093201, 0.35626866718133293, 0.3355584363142649, 0.3248759001493454, 0.32413188517093655]
recall:[0.21605597158157813, 0.20948868068140314, 0.20954381422710272, 0.21203333204680921, 0.21630811162482333, 0.21552194810281078, 0.21619580255025012, 0.21518502087909108, 0.2124708849102381, 0.2125607321698967]
time:[3.8748128414154053, 3.563339948654175, 3.590367555618286, 3.27801513671875, 3.983583688735962, 3.485957622528076, 3.370590925216675, 3.36958909034729, 3.521946430206299, 4.031130075454712]
