loss:[0.7039827207724254, 0.6965781946976978, 0.6900811473528545, 0.6706948558489483, 0.6309575498104095, 0.6021846433480579, 0.5837859610716502]
recall:[0.21367065848197933, 0.20921581413495172, 0.2087350243347549, 0.20813460274376724, 0.208265629997436, 0.20634255307435911]
time:[3.031001091003418, 4.027003288269043, 2.7590019702911377, 2.7260055541992188, 3.1339869499206543, 3.785001277923584]
